(kicad_pcb (version 20171130) (host pcbnew "(5.1.8)-1")

  (general
    (thickness 1.6)
    (drawings 5)
    (tracks 1998)
    (zones 0)
    (modules 151)
    (nets 221)
  )

  (page A4)
  (layers
    (0 F.Cu signal)
    (31 B.Cu signal)
    (32 B.Adhes user)
    (33 F.Adhes user)
    (34 B.Paste user)
    (35 F.Paste user)
    (36 B.SilkS user)
    (37 F.SilkS user)
    (38 B.Mask user)
    (39 F.Mask user)
    (40 Dwgs.User user)
    (41 Cmts.User user)
    (42 Eco1.User user)
    (43 Eco2.User user)
    (44 Edge.Cuts user)
    (45 Margin user)
    (46 B.CrtYd user)
    (47 F.CrtYd user)
    (48 B.Fab user)
    (49 F.Fab user)
  )

  (setup
    (last_trace_width 0.25)
    (user_trace_width 0.2)
    (user_trace_width 0.5)
    (user_trace_width 0.75)
    (user_trace_width 1)
    (user_trace_width 1.5)
    (user_trace_width 2)
    (user_trace_width 2.5)
    (trace_clearance 0.2)
    (zone_clearance 0.508)
    (zone_45_only no)
    (trace_min 0.2)
    (via_size 0.8)
    (via_drill 0.4)
    (via_min_size 0.4)
    (via_min_drill 0.3)
    (user_via 1 0.5)
    (user_via 1.5 0.75)
    (uvia_size 0.3)
    (uvia_drill 0.1)
    (uvias_allowed no)
    (uvia_min_size 0.2)
    (uvia_min_drill 0.1)
    (edge_width 0.05)
    (segment_width 0.2)
    (pcb_text_width 0.3)
    (pcb_text_size 1.5 1.5)
    (mod_edge_width 0.12)
    (mod_text_size 1 1)
    (mod_text_width 0.15)
    (pad_size 2.613 3.502)
    (pad_drill 0)
    (pad_to_mask_clearance 0)
    (aux_axis_origin 0 0)
    (visible_elements 7FFFFFFF)
    (pcbplotparams
      (layerselection 0x010fc_ffffffff)
      (usegerberextensions false)
      (usegerberattributes true)
      (usegerberadvancedattributes true)
      (creategerberjobfile true)
      (excludeedgelayer true)
      (linewidth 0.100000)
      (plotframeref false)
      (viasonmask false)
      (mode 1)
      (useauxorigin false)
      (hpglpennumber 1)
      (hpglpenspeed 20)
      (hpglpendiameter 15.000000)
      (psnegative false)
      (psa4output false)
      (plotreference true)
      (plotvalue true)
      (plotinvisibletext false)
      (padsonsilk false)
      (subtractmaskfromsilk false)
      (outputformat 1)
      (mirror false)
      (drillshape 0)
      (scaleselection 1)
      (outputdirectory "gerber/"))
  )

  (net 0 "")
  (net 1 GND)
  (net 2 +BATT)
  (net 3 VDD)
  (net 4 OSC_IN)
  (net 5 OSC_OUT)
  (net 6 "Net-(C4-Pad2)")
  (net 7 +1V8)
  (net 8 PSUVoltage)
  (net 9 "Net-(C13-Pad1)")
  (net 10 "Net-(C14-Pad1)")
  (net 11 "Net-(C18-Pad1)")
  (net 12 "Net-(C21-Pad1)")
  (net 13 "Net-(C24-Pad1)")
  (net 14 "Net-(C28-Pad1)")
  (net 15 "Net-(C28-Pad2)")
  (net 16 "Net-(C29-Pad2)")
  (net 17 "Net-(C30-Pad1)")
  (net 18 "Net-(C30-Pad2)")
  (net 19 +1V5)
  (net 20 "Net-(C32-Pad2)")
  (net 21 +3V8)
  (net 22 +3V3)
  (net 23 "Net-(D1-Pad1)")
  (net 24 "Net-(D1-Pad2)")
  (net 25 "Net-(D2-Pad2)")
  (net 26 "Net-(D3-Pad2)")
  (net 27 +5V)
  (net 28 JTRST)
  (net 29 SPI3_MOSI)
  (net 30 SPI3_CS2)
  (net 31 JTDO-TRACESWO)
  (net 32 SPI3_NOTIFY)
  (net 33 WIFI_SLEEP)
  (net 34 "Net-(J2-Pad1)")
  (net 35 SWDIO-JTMS)
  (net 36 SWCLK-JTCK)
  (net 37 JTDI)
  (net 38 UART1_TX)
  (net 39 UART1_RX)
  (net 40 "Net-(J5-Pad1)")
  (net 41 SPI2_MOSI)
  (net 42 SPI2_MISO)
  (net 43 SPI2_SCK)
  (net 44 SPI2_NSS)
  (net 45 UART3_RX)
  (net 46 UART3_TX)
  (net 47 UART3_CTS)
  (net 48 UART3_RTS_DE)
  (net 49 DTR)
  (net 50 POWER_ON_LTE)
  (net 51 LTE_STATUS)
  (net 52 UART2_RX)
  (net 53 UART2_TX)
  (net 54 "Net-(J10-Pad2)")
  (net 55 /LEDs/OUTPUT)
  (net 56 "Net-(J11-Pad2)")
  (net 57 "Net-(J13-Pad2)")
  (net 58 "Net-(J14-Pad2)")
  (net 59 /BuoyancyTanks/OUTPUT)
  (net 60 "Net-(J17-Pad1)")
  (net 61 CARD_DETECT)
  (net 62 "Net-(J19-Pad1)")
  (net 63 "Net-(J21-Pad1)")
  (net 64 "Net-(J22-Pad1)")
  (net 65 "Net-(JP2-Pad1)")
  (net 66 "Net-(K1-Pad5)")
  (net 67 "Net-(K2-Pad5)")
  (net 68 ThrustOut)
  (net 69 SPI3_CS1)
  (net 70 BuoyancyEnable)
  (net 71 LED_ON)
  (net 72 SERVO_OUT)
  (net 73 FLAP_TOP)
  (net 74 FLAP_LEFT)
  (net 75 FLAP_RIGHT)
  (net 76 "Net-(R2-Pad1)")
  (net 77 "Net-(R19-Pad1)")
  (net 78 "Net-(R20-Pad2)")
  (net 79 "Net-(R21-Pad2)")
  (net 80 "Net-(R23-Pad2)")
  (net 81 "Net-(R24-Pad1)")
  (net 82 "Net-(R26-Pad1)")
  (net 83 "Net-(R28-Pad1)")
  (net 84 PSUCurrent)
  (net 85 "Net-(R30-Pad2)")
  (net 86 "Net-(R31-Pad2)")
  (net 87 SPI1_CS4)
  (net 88 SPI1_CS1)
  (net 89 SPI1_CS2)
  (net 90 SPI1_CS3)
  (net 91 SPI1_MOSI)
  (net 92 SPI1_SCK)
  (net 93 SPI1_MISO)
  (net 94 SPI1_CS5)
  (net 95 "Net-(J3-Pad7)")
  (net 96 "Net-(J18-Pad8)")
  (net 97 "Net-(J18-Pad1)")
  (net 98 "Net-(K1-Pad4)")
  (net 99 "Net-(K2-Pad4)")
  (net 100 /sensors/LevelShifter/Signal2)
  (net 101 /sensors/sheet625E3AF9/Signal2)
  (net 102 /sensors/sheet625E4524/Signal2)
  (net 103 /sensors/sheet625E4E06/Signal2)
  (net 104 /sensors/MOSI_1.8)
  (net 105 /sensors/SCK_1.8)
  (net 106 /sensors/MISO_1.8)
  (net 107 "Net-(U1-Pad1)")
  (net 108 "Net-(U1-Pad2)")
  (net 109 "Net-(U1-Pad3)")
  (net 110 "Net-(U1-Pad4)")
  (net 111 "Net-(U1-Pad5)")
  (net 112 "Net-(U1-Pad7)")
  (net 113 "Net-(U1-Pad8)")
  (net 114 "Net-(U1-Pad9)")
  (net 115 EmergencyBuoyancy)
  (net 116 "Net-(U1-Pad20)")
  (net 117 "Net-(U1-Pad21)")
  (net 118 "Net-(U1-Pad22)")
  (net 119 "Net-(U1-Pad34)")
  (net 120 "Net-(U1-Pad40)")
  (net 121 "Net-(U1-Pad48)")
  (net 122 "Net-(U1-Pad49)")
  (net 123 "Net-(U1-Pad50)")
  (net 124 "Net-(U1-Pad53)")
  (net 125 "Net-(U1-Pad54)")
  (net 126 "Net-(U1-Pad55)")
  (net 127 "Net-(U1-Pad56)")
  (net 128 "Net-(U1-Pad57)")
  (net 129 "Net-(U1-Pad58)")
  (net 130 "Net-(U1-Pad59)")
  (net 131 "Net-(U1-Pad60)")
  (net 132 "Net-(U1-Pad63)")
  (net 133 "Net-(U1-Pad64)")
  (net 134 "Net-(U1-Pad65)")
  (net 135 "Net-(U1-Pad66)")
  (net 136 "Net-(U1-Pad67)")
  (net 137 "Net-(U1-Pad68)")
  (net 138 "Net-(U1-Pad77)")
  (net 139 "Net-(U1-Pad78)")
  (net 140 "Net-(U1-Pad79)")
  (net 141 "Net-(U1-Pad85)")
  (net 142 "Net-(U1-Pad86)")
  (net 143 "Net-(U1-Pad87)")
  (net 144 "Net-(U1-Pad88)")
  (net 145 "Net-(U1-Pad89)")
  (net 146 "Net-(U1-Pad90)")
  (net 147 "Net-(U1-Pad91)")
  (net 148 "Net-(U1-Pad92)")
  (net 149 "Net-(U1-Pad93)")
  (net 150 "Net-(U1-Pad98)")
  (net 151 "Net-(U1-Pad99)")
  (net 152 "Net-(U1-Pad100)")
  (net 153 "Net-(U1-Pad103)")
  (net 154 "Net-(U1-Pad104)")
  (net 155 "Net-(U1-Pad106)")
  (net 156 "Net-(U1-Pad111)")
  (net 157 "Net-(U1-Pad112)")
  (net 158 "Net-(U1-Pad113)")
  (net 159 "Net-(U1-Pad114)")
  (net 160 "Net-(U1-Pad115)")
  (net 161 "Net-(U1-Pad116)")
  (net 162 "Net-(U1-Pad117)")
  (net 163 "Net-(U1-Pad118)")
  (net 164 "Net-(U1-Pad119)")
  (net 165 "Net-(U1-Pad122)")
  (net 166 "Net-(U1-Pad123)")
  (net 167 "Net-(U1-Pad124)")
  (net 168 "Net-(U1-Pad125)")
  (net 169 "Net-(U1-Pad126)")
  (net 170 "Net-(U1-Pad127)")
  (net 171 "Net-(U1-Pad128)")
  (net 172 "Net-(U1-Pad129)")
  (net 173 "Net-(U1-Pad132)")
  (net 174 "Net-(U1-Pad141)")
  (net 175 "Net-(U1-Pad142)")
  (net 176 "Net-(U7-Pad1)")
  (net 177 "Net-(U7-Pad2)")
  (net 178 "Net-(U7-Pad3)")
  (net 179 "Net-(U7-Pad4)")
  (net 180 "Net-(U7-Pad5)")
  (net 181 "Net-(U7-Pad6)")
  (net 182 "Net-(U7-Pad7)")
  (net 183 "Net-(U7-Pad11)")
  (net 184 "Net-(U7-Pad12)")
  (net 185 "Net-(U7-Pad14)")
  (net 186 "Net-(U7-Pad15)")
  (net 187 "Net-(U7-Pad16)")
  (net 188 "Net-(U7-Pad17)")
  (net 189 "Net-(U7-Pad19)")
  (net 190 "Net-(U7-Pad21)")
  (net 191 "Net-(U8-Pad21)")
  (net 192 "Net-(U8-Pad19)")
  (net 193 "Net-(U8-Pad17)")
  (net 194 "Net-(U8-Pad16)")
  (net 195 "Net-(U8-Pad15)")
  (net 196 "Net-(U8-Pad14)")
  (net 197 "Net-(U8-Pad12)")
  (net 198 "Net-(U8-Pad11)")
  (net 199 "Net-(U8-Pad7)")
  (net 200 "Net-(U8-Pad6)")
  (net 201 "Net-(U8-Pad5)")
  (net 202 "Net-(U8-Pad4)")
  (net 203 "Net-(U8-Pad3)")
  (net 204 "Net-(U8-Pad2)")
  (net 205 "Net-(U8-Pad1)")
  (net 206 "Net-(U9-Pad1)")
  (net 207 "Net-(U9-Pad2)")
  (net 208 "Net-(U9-Pad3)")
  (net 209 "Net-(U9-Pad4)")
  (net 210 "Net-(U9-Pad5)")
  (net 211 "Net-(U9-Pad6)")
  (net 212 "Net-(U9-Pad7)")
  (net 213 "Net-(U9-Pad11)")
  (net 214 "Net-(U9-Pad12)")
  (net 215 "Net-(U9-Pad14)")
  (net 216 "Net-(U9-Pad15)")
  (net 217 "Net-(U9-Pad16)")
  (net 218 "Net-(U9-Pad17)")
  (net 219 "Net-(U9-Pad19)")
  (net 220 "Net-(U9-Pad21)")

  (net_class Default "This is the default net class."
    (clearance 0.2)
    (trace_width 0.25)
    (via_dia 0.8)
    (via_drill 0.4)
    (uvia_dia 0.3)
    (uvia_drill 0.1)
    (add_net +1V5)
    (add_net +1V8)
    (add_net +3V3)
    (add_net +3V8)
    (add_net +5V)
    (add_net +BATT)
    (add_net /BuoyancyTanks/OUTPUT)
    (add_net /LEDs/OUTPUT)
    (add_net /sensors/LevelShifter/Signal2)
    (add_net /sensors/MISO_1.8)
    (add_net /sensors/MOSI_1.8)
    (add_net /sensors/SCK_1.8)
    (add_net /sensors/sheet625E3AF9/Signal2)
    (add_net /sensors/sheet625E4524/Signal2)
    (add_net /sensors/sheet625E4E06/Signal2)
    (add_net BuoyancyEnable)
    (add_net CARD_DETECT)
    (add_net DTR)
    (add_net EmergencyBuoyancy)
    (add_net FLAP_LEFT)
    (add_net FLAP_RIGHT)
    (add_net FLAP_TOP)
    (add_net GND)
    (add_net JTDI)
    (add_net JTDO-TRACESWO)
    (add_net JTRST)
    (add_net LED_ON)
    (add_net LTE_STATUS)
    (add_net "Net-(C13-Pad1)")
    (add_net "Net-(C14-Pad1)")
    (add_net "Net-(C18-Pad1)")
    (add_net "Net-(C21-Pad1)")
    (add_net "Net-(C24-Pad1)")
    (add_net "Net-(C28-Pad1)")
    (add_net "Net-(C28-Pad2)")
    (add_net "Net-(C29-Pad2)")
    (add_net "Net-(C30-Pad1)")
    (add_net "Net-(C30-Pad2)")
    (add_net "Net-(C32-Pad2)")
    (add_net "Net-(C4-Pad2)")
    (add_net "Net-(D1-Pad1)")
    (add_net "Net-(D1-Pad2)")
    (add_net "Net-(D2-Pad2)")
    (add_net "Net-(D3-Pad2)")
    (add_net "Net-(J10-Pad2)")
    (add_net "Net-(J11-Pad2)")
    (add_net "Net-(J13-Pad2)")
    (add_net "Net-(J14-Pad2)")
    (add_net "Net-(J17-Pad1)")
    (add_net "Net-(J18-Pad1)")
    (add_net "Net-(J18-Pad8)")
    (add_net "Net-(J19-Pad1)")
    (add_net "Net-(J2-Pad1)")
    (add_net "Net-(J21-Pad1)")
    (add_net "Net-(J22-Pad1)")
    (add_net "Net-(J3-Pad7)")
    (add_net "Net-(J5-Pad1)")
    (add_net "Net-(JP2-Pad1)")
    (add_net "Net-(K1-Pad4)")
    (add_net "Net-(K1-Pad5)")
    (add_net "Net-(K2-Pad4)")
    (add_net "Net-(K2-Pad5)")
    (add_net "Net-(R19-Pad1)")
    (add_net "Net-(R2-Pad1)")
    (add_net "Net-(R20-Pad2)")
    (add_net "Net-(R21-Pad2)")
    (add_net "Net-(R23-Pad2)")
    (add_net "Net-(R24-Pad1)")
    (add_net "Net-(R26-Pad1)")
    (add_net "Net-(R28-Pad1)")
    (add_net "Net-(R30-Pad2)")
    (add_net "Net-(R31-Pad2)")
    (add_net "Net-(U1-Pad1)")
    (add_net "Net-(U1-Pad100)")
    (add_net "Net-(U1-Pad103)")
    (add_net "Net-(U1-Pad104)")
    (add_net "Net-(U1-Pad106)")
    (add_net "Net-(U1-Pad111)")
    (add_net "Net-(U1-Pad112)")
    (add_net "Net-(U1-Pad113)")
    (add_net "Net-(U1-Pad114)")
    (add_net "Net-(U1-Pad115)")
    (add_net "Net-(U1-Pad116)")
    (add_net "Net-(U1-Pad117)")
    (add_net "Net-(U1-Pad118)")
    (add_net "Net-(U1-Pad119)")
    (add_net "Net-(U1-Pad122)")
    (add_net "Net-(U1-Pad123)")
    (add_net "Net-(U1-Pad124)")
    (add_net "Net-(U1-Pad125)")
    (add_net "Net-(U1-Pad126)")
    (add_net "Net-(U1-Pad127)")
    (add_net "Net-(U1-Pad128)")
    (add_net "Net-(U1-Pad129)")
    (add_net "Net-(U1-Pad132)")
    (add_net "Net-(U1-Pad141)")
    (add_net "Net-(U1-Pad142)")
    (add_net "Net-(U1-Pad2)")
    (add_net "Net-(U1-Pad20)")
    (add_net "Net-(U1-Pad21)")
    (add_net "Net-(U1-Pad22)")
    (add_net "Net-(U1-Pad3)")
    (add_net "Net-(U1-Pad34)")
    (add_net "Net-(U1-Pad4)")
    (add_net "Net-(U1-Pad40)")
    (add_net "Net-(U1-Pad48)")
    (add_net "Net-(U1-Pad49)")
    (add_net "Net-(U1-Pad5)")
    (add_net "Net-(U1-Pad50)")
    (add_net "Net-(U1-Pad53)")
    (add_net "Net-(U1-Pad54)")
    (add_net "Net-(U1-Pad55)")
    (add_net "Net-(U1-Pad56)")
    (add_net "Net-(U1-Pad57)")
    (add_net "Net-(U1-Pad58)")
    (add_net "Net-(U1-Pad59)")
    (add_net "Net-(U1-Pad60)")
    (add_net "Net-(U1-Pad63)")
    (add_net "Net-(U1-Pad64)")
    (add_net "Net-(U1-Pad65)")
    (add_net "Net-(U1-Pad66)")
    (add_net "Net-(U1-Pad67)")
    (add_net "Net-(U1-Pad68)")
    (add_net "Net-(U1-Pad7)")
    (add_net "Net-(U1-Pad77)")
    (add_net "Net-(U1-Pad78)")
    (add_net "Net-(U1-Pad79)")
    (add_net "Net-(U1-Pad8)")
    (add_net "Net-(U1-Pad85)")
    (add_net "Net-(U1-Pad86)")
    (add_net "Net-(U1-Pad87)")
    (add_net "Net-(U1-Pad88)")
    (add_net "Net-(U1-Pad89)")
    (add_net "Net-(U1-Pad9)")
    (add_net "Net-(U1-Pad90)")
    (add_net "Net-(U1-Pad91)")
    (add_net "Net-(U1-Pad92)")
    (add_net "Net-(U1-Pad93)")
    (add_net "Net-(U1-Pad98)")
    (add_net "Net-(U1-Pad99)")
    (add_net "Net-(U7-Pad1)")
    (add_net "Net-(U7-Pad11)")
    (add_net "Net-(U7-Pad12)")
    (add_net "Net-(U7-Pad14)")
    (add_net "Net-(U7-Pad15)")
    (add_net "Net-(U7-Pad16)")
    (add_net "Net-(U7-Pad17)")
    (add_net "Net-(U7-Pad19)")
    (add_net "Net-(U7-Pad2)")
    (add_net "Net-(U7-Pad21)")
    (add_net "Net-(U7-Pad3)")
    (add_net "Net-(U7-Pad4)")
    (add_net "Net-(U7-Pad5)")
    (add_net "Net-(U7-Pad6)")
    (add_net "Net-(U7-Pad7)")
    (add_net "Net-(U8-Pad1)")
    (add_net "Net-(U8-Pad11)")
    (add_net "Net-(U8-Pad12)")
    (add_net "Net-(U8-Pad14)")
    (add_net "Net-(U8-Pad15)")
    (add_net "Net-(U8-Pad16)")
    (add_net "Net-(U8-Pad17)")
    (add_net "Net-(U8-Pad19)")
    (add_net "Net-(U8-Pad2)")
    (add_net "Net-(U8-Pad21)")
    (add_net "Net-(U8-Pad3)")
    (add_net "Net-(U8-Pad4)")
    (add_net "Net-(U8-Pad5)")
    (add_net "Net-(U8-Pad6)")
    (add_net "Net-(U8-Pad7)")
    (add_net "Net-(U9-Pad1)")
    (add_net "Net-(U9-Pad11)")
    (add_net "Net-(U9-Pad12)")
    (add_net "Net-(U9-Pad14)")
    (add_net "Net-(U9-Pad15)")
    (add_net "Net-(U9-Pad16)")
    (add_net "Net-(U9-Pad17)")
    (add_net "Net-(U9-Pad19)")
    (add_net "Net-(U9-Pad2)")
    (add_net "Net-(U9-Pad21)")
    (add_net "Net-(U9-Pad3)")
    (add_net "Net-(U9-Pad4)")
    (add_net "Net-(U9-Pad5)")
    (add_net "Net-(U9-Pad6)")
    (add_net "Net-(U9-Pad7)")
    (add_net OSC_IN)
    (add_net OSC_OUT)
    (add_net POWER_ON_LTE)
    (add_net PSUCurrent)
    (add_net PSUVoltage)
    (add_net SERVO_OUT)
    (add_net SPI1_CS1)
    (add_net SPI1_CS2)
    (add_net SPI1_CS3)
    (add_net SPI1_CS4)
    (add_net SPI1_CS5)
    (add_net SPI1_MISO)
    (add_net SPI1_MOSI)
    (add_net SPI1_SCK)
    (add_net SPI2_MISO)
    (add_net SPI2_MOSI)
    (add_net SPI2_NSS)
    (add_net SPI2_SCK)
    (add_net SPI3_CS1)
    (add_net SPI3_CS2)
    (add_net SPI3_MOSI)
    (add_net SPI3_NOTIFY)
    (add_net SWCLK-JTCK)
    (add_net SWDIO-JTMS)
    (add_net ThrustOut)
    (add_net UART1_RX)
    (add_net UART1_TX)
    (add_net UART2_RX)
    (add_net UART2_TX)
    (add_net UART3_CTS)
    (add_net UART3_RTS_DE)
    (add_net UART3_RX)
    (add_net UART3_TX)
    (add_net VDD)
    (add_net WIFI_SLEEP)
  )

  (module Battery:BatteryHolder_Keystone_3034_1x20mm (layer B.Cu) (tedit 5D9CBF18) (tstamp 615B7883)
    (at 126.7587 23.9903)
    (descr "Keystone 3034 SMD battery holder for 2020, 2025 and 2032 coincell batteries. http://www.keyelco.com/product-pdf.cfm?p=798")
    (tags "Keystone type 3034 coin cell retainer")
    (path /5EFE21E4)
    (attr smd)
    (fp_text reference BT1 (at 0 11.5) (layer B.SilkS)
      (effects (font (size 1 1) (thickness 0.15)) (justify mirror))
    )
    (fp_text value Battery_Cell (at 0 -11.5) (layer B.Fab)
      (effects (font (size 1 1) (thickness 0.15)) (justify mirror))
    )
    (fp_line (start 8.7 7.54) (end 5.2 7.54) (layer B.SilkS) (width 0.12))
    (fp_line (start 11.87 -2.79) (end 11.87 2.79) (layer B.CrtYd) (width 0.05))
    (fp_line (start 10.88 -2.79) (end 11.87 -2.79) (layer B.CrtYd) (width 0.05))
    (fp_line (start 10.88 -3.64) (end 10.88 -2.79) (layer B.CrtYd) (width 0.05))
    (fp_line (start 9.43 -7.63) (end 10.88 -3.64) (layer B.CrtYd) (width 0.05))
    (fp_line (start -10.88 -3.64) (end -9.44 -7.62) (layer B.CrtYd) (width 0.05))
    (fp_line (start -10.88 -2.79) (end -10.88 -3.64) (layer B.CrtYd) (width 0.05))
    (fp_line (start -11.87 -2.79) (end -10.88 -2.79) (layer B.CrtYd) (width 0.05))
    (fp_line (start -11.87 2.79) (end -11.87 -2.79) (layer B.CrtYd) (width 0.05))
    (fp_line (start -10.88 2.79) (end -11.87 2.79) (layer B.CrtYd) (width 0.05))
    (fp_line (start -10.88 5.5) (end -10.88 2.79) (layer B.CrtYd) (width 0.05))
    (fp_line (start -8.74 7.64) (end -10.88 5.5) (layer B.CrtYd) (width 0.05))
    (fp_line (start -7.2 7.64) (end -8.74 7.64) (layer B.CrtYd) (width 0.05))
    (fp_line (start 8.74 7.64) (end 7.2 7.64) (layer B.CrtYd) (width 0.05))
    (fp_line (start 10.88 5.5) (end 8.74 7.64) (layer B.CrtYd) (width 0.05))
    (fp_line (start 10.88 2.79) (end 10.88 5.5) (layer B.CrtYd) (width 0.05))
    (fp_line (start 11.87 2.79) (end 10.88 2.79) (layer B.CrtYd) (width 0.05))
    (fp_line (start 10.63 -3.6) (end 9.19 -7.53) (layer B.Fab) (width 0.1))
    (fp_line (start 10.63 5.4) (end 10.63 -3.6) (layer B.Fab) (width 0.1))
    (fp_line (start 8.64 7.39) (end 10.63 5.4) (layer B.Fab) (width 0.1))
    (fp_line (start -8.64 7.39) (end 8.64 7.39) (layer B.Fab) (width 0.1))
    (fp_line (start -10.63 5.4) (end -8.64 7.39) (layer B.Fab) (width 0.1))
    (fp_line (start -10.63 -3.6) (end -10.63 5.4) (layer B.Fab) (width 0.1))
    (fp_line (start -9.19 -7.53) (end -10.63 -3.6) (layer B.Fab) (width 0.1))
    (fp_line (start 10.78 -3) (end 10.78 -3.63) (layer B.SilkS) (width 0.12))
    (fp_line (start 10.78 5.46) (end 10.78 3) (layer B.SilkS) (width 0.12))
    (fp_line (start -10.78 -3) (end -10.78 -3.63) (layer B.SilkS) (width 0.12))
    (fp_line (start -10.78 5.46) (end -10.78 3) (layer B.SilkS) (width 0.12))
    (fp_line (start 10.78 -3.63) (end 9.34 -7.58) (layer B.SilkS) (width 0.12))
    (fp_line (start 8.7 7.54) (end 10.78 5.46) (layer B.SilkS) (width 0.12))
    (fp_line (start -5.2 7.54) (end -8.7 7.54) (layer B.SilkS) (width 0.12))
    (fp_line (start -8.7 7.54) (end -10.78 5.46) (layer B.SilkS) (width 0.12))
    (fp_line (start -10.78 -3.63) (end -9.34 -7.58) (layer B.SilkS) (width 0.12))
    (fp_circle (center 0 0) (end 0 -10.25) (layer Dwgs.User) (width 0.15))
    (fp_text user %R (at 0 2.9) (layer B.Fab)
      (effects (font (size 1 1) (thickness 0.15)) (justify mirror))
    )
    (fp_arc (start -7.31 -6.85) (end -9.34 -7.58) (angle 107.5) (layer B.SilkS) (width 0.12))
    (fp_arc (start 7.31 -6.85) (end 6 -8.55) (angle 107.5) (layer B.SilkS) (width 0.12))
    (fp_arc (start 7.31 -6.85) (end 6.1 -8.43) (angle 107.5) (layer B.Fab) (width 0.1))
    (fp_arc (start 0 -16.36) (end 6.1 -8.43) (angle 75.1) (layer B.Fab) (width 0.1))
    (fp_arc (start -7.31 -6.85) (end -9.19 -7.53) (angle 107.5) (layer B.Fab) (width 0.1))
    (fp_arc (start 0 0) (end 7.2 7.64) (angle 86.6) (layer B.CrtYd) (width 0.05))
    (fp_arc (start -7.31 -6.85) (end -9.43 -7.62) (angle 106.9) (layer B.CrtYd) (width 0.05))
    (fp_arc (start 0 0) (end -5.96 -8.64) (angle 69.1) (layer B.CrtYd) (width 0.05))
    (fp_arc (start 7.31 -6.85) (end 5.96 -8.64) (angle 106.9) (layer B.CrtYd) (width 0.05))
    (pad 2 smd circle (at 0 0) (size 17.8 17.8) (layers B.Cu B.Mask)
      (net 1 GND))
    (pad 1 smd rect (at 10.985 0) (size 1.27 5.08) (layers B.Cu B.Paste B.Mask)
      (net 2 +BATT))
    (pad 1 smd rect (at -10.985 0) (size 1.27 5.08) (layers B.Cu B.Paste B.Mask)
      (net 2 +BATT))
    (model ${KISYS3DMOD}/Battery.3dshapes/BatteryHolder_Keystone_3034_1x20mm.wrl
      (at (xyz 0 0 0))
      (scale (xyz 1 1 1))
      (rotate (xyz 0 0 0))
    )
  )

  (module Capacitor_SMD:C_0603_1608Metric_Pad1.08x0.95mm_HandSolder (layer F.Cu) (tedit 5F68FEEF) (tstamp 615B7894)
    (at 169.3937 8.0264)
    (descr "Capacitor SMD 0603 (1608 Metric), square (rectangular) end terminal, IPC_7351 nominal with elongated pad for handsoldering. (Body size source: IPC-SM-782 page 76, https://www.pcb-3d.com/wordpress/wp-content/uploads/ipc-sm-782a_amendment_1_and_2.pdf), generated with kicad-footprint-generator")
    (tags "capacitor handsolder")
    (path /5EFCE368)
    (attr smd)
    (fp_text reference C1 (at 0 -1.43) (layer F.SilkS)
      (effects (font (size 1 1) (thickness 0.15)))
    )
    (fp_text value 4.7uF (at 0 1.43) (layer F.Fab)
      (effects (font (size 1 1) (thickness 0.15)))
    )
    (fp_line (start -0.8 0.4) (end -0.8 -0.4) (layer F.Fab) (width 0.1))
    (fp_line (start -0.8 -0.4) (end 0.8 -0.4) (layer F.Fab) (width 0.1))
    (fp_line (start 0.8 -0.4) (end 0.8 0.4) (layer F.Fab) (width 0.1))
    (fp_line (start 0.8 0.4) (end -0.8 0.4) (layer F.Fab) (width 0.1))
    (fp_line (start -0.146267 -0.51) (end 0.146267 -0.51) (layer F.SilkS) (width 0.12))
    (fp_line (start -0.146267 0.51) (end 0.146267 0.51) (layer F.SilkS) (width 0.12))
    (fp_line (start -1.65 0.73) (end -1.65 -0.73) (layer F.CrtYd) (width 0.05))
    (fp_line (start -1.65 -0.73) (end 1.65 -0.73) (layer F.CrtYd) (width 0.05))
    (fp_line (start 1.65 -0.73) (end 1.65 0.73) (layer F.CrtYd) (width 0.05))
    (fp_line (start 1.65 0.73) (end -1.65 0.73) (layer F.CrtYd) (width 0.05))
    (fp_text user %R (at 0 0) (layer F.Fab)
      (effects (font (size 0.4 0.4) (thickness 0.06)))
    )
    (pad 2 smd roundrect (at 0.8625 0) (size 1.075 0.95) (layers F.Cu F.Paste F.Mask) (roundrect_rratio 0.25)
      (net 1 GND))
    (pad 1 smd roundrect (at -0.8625 0) (size 1.075 0.95) (layers F.Cu F.Paste F.Mask) (roundrect_rratio 0.25)
      (net 3 VDD))
    (model ${KISYS3DMOD}/Capacitor_SMD.3dshapes/C_0603_1608Metric.wrl
      (at (xyz 0 0 0))
      (scale (xyz 1 1 1))
      (rotate (xyz 0 0 0))
    )
  )

  (module Capacitor_SMD:C_0603_1608Metric_Pad1.08x0.95mm_HandSolder (layer F.Cu) (tedit 5F68FEEF) (tstamp 615B78A5)
    (at 140.6133 19.5834)
    (descr "Capacitor SMD 0603 (1608 Metric), square (rectangular) end terminal, IPC_7351 nominal with elongated pad for handsoldering. (Body size source: IPC-SM-782 page 76, https://www.pcb-3d.com/wordpress/wp-content/uploads/ipc-sm-782a_amendment_1_and_2.pdf), generated with kicad-footprint-generator")
    (tags "capacitor handsolder")
    (path /5FC5361F)
    (attr smd)
    (fp_text reference C2 (at 0 -1.43) (layer F.SilkS)
      (effects (font (size 1 1) (thickness 0.15)))
    )
    (fp_text value 50pF (at 0 1.43) (layer F.Fab)
      (effects (font (size 1 1) (thickness 0.15)))
    )
    (fp_line (start -0.8 0.4) (end -0.8 -0.4) (layer F.Fab) (width 0.1))
    (fp_line (start -0.8 -0.4) (end 0.8 -0.4) (layer F.Fab) (width 0.1))
    (fp_line (start 0.8 -0.4) (end 0.8 0.4) (layer F.Fab) (width 0.1))
    (fp_line (start 0.8 0.4) (end -0.8 0.4) (layer F.Fab) (width 0.1))
    (fp_line (start -0.146267 -0.51) (end 0.146267 -0.51) (layer F.SilkS) (width 0.12))
    (fp_line (start -0.146267 0.51) (end 0.146267 0.51) (layer F.SilkS) (width 0.12))
    (fp_line (start -1.65 0.73) (end -1.65 -0.73) (layer F.CrtYd) (width 0.05))
    (fp_line (start -1.65 -0.73) (end 1.65 -0.73) (layer F.CrtYd) (width 0.05))
    (fp_line (start 1.65 -0.73) (end 1.65 0.73) (layer F.CrtYd) (width 0.05))
    (fp_line (start 1.65 0.73) (end -1.65 0.73) (layer F.CrtYd) (width 0.05))
    (fp_text user %R (at 0 0) (layer F.Fab)
      (effects (font (size 0.4 0.4) (thickness 0.06)))
    )
    (pad 2 smd roundrect (at 0.8625 0) (size 1.075 0.95) (layers F.Cu F.Paste F.Mask) (roundrect_rratio 0.25)
      (net 1 GND))
    (pad 1 smd roundrect (at -0.8625 0) (size 1.075 0.95) (layers F.Cu F.Paste F.Mask) (roundrect_rratio 0.25)
      (net 4 OSC_IN))
    (model ${KISYS3DMOD}/Capacitor_SMD.3dshapes/C_0603_1608Metric.wrl
      (at (xyz 0 0 0))
      (scale (xyz 1 1 1))
      (rotate (xyz 0 0 0))
    )
  )

  (module Capacitor_SMD:C_0603_1608Metric_Pad1.08x0.95mm_HandSolder (layer F.Cu) (tedit 5F68FEEF) (tstamp 615B78B6)
    (at 144.03942 36.1188)
    (descr "Capacitor SMD 0603 (1608 Metric), square (rectangular) end terminal, IPC_7351 nominal with elongated pad for handsoldering. (Body size source: IPC-SM-782 page 76, https://www.pcb-3d.com/wordpress/wp-content/uploads/ipc-sm-782a_amendment_1_and_2.pdf), generated with kicad-footprint-generator")
    (tags "capacitor handsolder")
    (path /5FC4B1F7)
    (attr smd)
    (fp_text reference C3 (at 0 -1.43) (layer F.SilkS)
      (effects (font (size 1 1) (thickness 0.15)))
    )
    (fp_text value 50pF (at 0 1.43) (layer F.Fab)
      (effects (font (size 1 1) (thickness 0.15)))
    )
    (fp_line (start 1.65 0.73) (end -1.65 0.73) (layer F.CrtYd) (width 0.05))
    (fp_line (start 1.65 -0.73) (end 1.65 0.73) (layer F.CrtYd) (width 0.05))
    (fp_line (start -1.65 -0.73) (end 1.65 -0.73) (layer F.CrtYd) (width 0.05))
    (fp_line (start -1.65 0.73) (end -1.65 -0.73) (layer F.CrtYd) (width 0.05))
    (fp_line (start -0.146267 0.51) (end 0.146267 0.51) (layer F.SilkS) (width 0.12))
    (fp_line (start -0.146267 -0.51) (end 0.146267 -0.51) (layer F.SilkS) (width 0.12))
    (fp_line (start 0.8 0.4) (end -0.8 0.4) (layer F.Fab) (width 0.1))
    (fp_line (start 0.8 -0.4) (end 0.8 0.4) (layer F.Fab) (width 0.1))
    (fp_line (start -0.8 -0.4) (end 0.8 -0.4) (layer F.Fab) (width 0.1))
    (fp_line (start -0.8 0.4) (end -0.8 -0.4) (layer F.Fab) (width 0.1))
    (fp_text user %R (at 0 0) (layer F.Fab)
      (effects (font (size 0.4 0.4) (thickness 0.06)))
    )
    (pad 1 smd roundrect (at -0.8625 0) (size 1.075 0.95) (layers F.Cu F.Paste F.Mask) (roundrect_rratio 0.25)
      (net 5 OSC_OUT))
    (pad 2 smd roundrect (at 0.8625 0) (size 1.075 0.95) (layers F.Cu F.Paste F.Mask) (roundrect_rratio 0.25)
      (net 1 GND))
    (model ${KISYS3DMOD}/Capacitor_SMD.3dshapes/C_0603_1608Metric.wrl
      (at (xyz 0 0 0))
      (scale (xyz 1 1 1))
      (rotate (xyz 0 0 0))
    )
  )

  (module Capacitor_SMD:C_0603_1608Metric_Pad1.08x0.95mm_HandSolder (layer F.Cu) (tedit 5F68FEEF) (tstamp 615B78C7)
    (at 144.1207 28.0543)
    (descr "Capacitor SMD 0603 (1608 Metric), square (rectangular) end terminal, IPC_7351 nominal with elongated pad for handsoldering. (Body size source: IPC-SM-782 page 76, https://www.pcb-3d.com/wordpress/wp-content/uploads/ipc-sm-782a_amendment_1_and_2.pdf), generated with kicad-footprint-generator")
    (tags "capacitor handsolder")
    (path /613FCF4D)
    (attr smd)
    (fp_text reference C4 (at 0 -1.43) (layer F.SilkS)
      (effects (font (size 1 1) (thickness 0.15)))
    )
    (fp_text value 100nF (at 0 1.43) (layer F.Fab)
      (effects (font (size 1 1) (thickness 0.15)))
    )
    (fp_line (start 1.65 0.73) (end -1.65 0.73) (layer F.CrtYd) (width 0.05))
    (fp_line (start 1.65 -0.73) (end 1.65 0.73) (layer F.CrtYd) (width 0.05))
    (fp_line (start -1.65 -0.73) (end 1.65 -0.73) (layer F.CrtYd) (width 0.05))
    (fp_line (start -1.65 0.73) (end -1.65 -0.73) (layer F.CrtYd) (width 0.05))
    (fp_line (start -0.146267 0.51) (end 0.146267 0.51) (layer F.SilkS) (width 0.12))
    (fp_line (start -0.146267 -0.51) (end 0.146267 -0.51) (layer F.SilkS) (width 0.12))
    (fp_line (start 0.8 0.4) (end -0.8 0.4) (layer F.Fab) (width 0.1))
    (fp_line (start 0.8 -0.4) (end 0.8 0.4) (layer F.Fab) (width 0.1))
    (fp_line (start -0.8 -0.4) (end 0.8 -0.4) (layer F.Fab) (width 0.1))
    (fp_line (start -0.8 0.4) (end -0.8 -0.4) (layer F.Fab) (width 0.1))
    (fp_text user %R (at 0 0) (layer F.Fab)
      (effects (font (size 0.4 0.4) (thickness 0.06)))
    )
    (pad 1 smd roundrect (at -0.8625 0) (size 1.075 0.95) (layers F.Cu F.Paste F.Mask) (roundrect_rratio 0.25)
      (net 1 GND))
    (pad 2 smd roundrect (at 0.8625 0) (size 1.075 0.95) (layers F.Cu F.Paste F.Mask) (roundrect_rratio 0.25)
      (net 6 "Net-(C4-Pad2)"))
    (model ${KISYS3DMOD}/Capacitor_SMD.3dshapes/C_0603_1608Metric.wrl
      (at (xyz 0 0 0))
      (scale (xyz 1 1 1))
      (rotate (xyz 0 0 0))
    )
  )

  (module Capacitor_SMD:C_0603_1608Metric_Pad1.08x0.95mm_HandSolder (layer F.Cu) (tedit 5F68FEEF) (tstamp 615B78D8)
    (at 147.3708 34.04108 90)
    (descr "Capacitor SMD 0603 (1608 Metric), square (rectangular) end terminal, IPC_7351 nominal with elongated pad for handsoldering. (Body size source: IPC-SM-782 page 76, https://www.pcb-3d.com/wordpress/wp-content/uploads/ipc-sm-782a_amendment_1_and_2.pdf), generated with kicad-footprint-generator")
    (tags "capacitor handsolder")
    (path /615CE946)
    (attr smd)
    (fp_text reference C5 (at 0 -1.43 90) (layer F.SilkS)
      (effects (font (size 1 1) (thickness 0.15)))
    )
    (fp_text value 100nF (at 0 1.43 90) (layer F.Fab)
      (effects (font (size 1 1) (thickness 0.15)))
    )
    (fp_line (start -0.8 0.4) (end -0.8 -0.4) (layer F.Fab) (width 0.1))
    (fp_line (start -0.8 -0.4) (end 0.8 -0.4) (layer F.Fab) (width 0.1))
    (fp_line (start 0.8 -0.4) (end 0.8 0.4) (layer F.Fab) (width 0.1))
    (fp_line (start 0.8 0.4) (end -0.8 0.4) (layer F.Fab) (width 0.1))
    (fp_line (start -0.146267 -0.51) (end 0.146267 -0.51) (layer F.SilkS) (width 0.12))
    (fp_line (start -0.146267 0.51) (end 0.146267 0.51) (layer F.SilkS) (width 0.12))
    (fp_line (start -1.65 0.73) (end -1.65 -0.73) (layer F.CrtYd) (width 0.05))
    (fp_line (start -1.65 -0.73) (end 1.65 -0.73) (layer F.CrtYd) (width 0.05))
    (fp_line (start 1.65 -0.73) (end 1.65 0.73) (layer F.CrtYd) (width 0.05))
    (fp_line (start 1.65 0.73) (end -1.65 0.73) (layer F.CrtYd) (width 0.05))
    (fp_text user %R (at 0 0 90) (layer F.Fab)
      (effects (font (size 0.4 0.4) (thickness 0.06)))
    )
    (pad 2 smd roundrect (at 0.8625 0 90) (size 1.075 0.95) (layers F.Cu F.Paste F.Mask) (roundrect_rratio 0.25)
      (net 1 GND))
    (pad 1 smd roundrect (at -0.8625 0 90) (size 1.075 0.95) (layers F.Cu F.Paste F.Mask) (roundrect_rratio 0.25)
      (net 22 +3V3))
    (model ${KISYS3DMOD}/Capacitor_SMD.3dshapes/C_0603_1608Metric.wrl
      (at (xyz 0 0 0))
      (scale (xyz 1 1 1))
      (rotate (xyz 0 0 0))
    )
  )

  (module Capacitor_SMD:C_0603_1608Metric_Pad1.08x0.95mm_HandSolder (layer F.Cu) (tedit 5F68FEEF) (tstamp 61CECA52)
    (at 176.403 27.2669 270)
    (descr "Capacitor SMD 0603 (1608 Metric), square (rectangular) end terminal, IPC_7351 nominal with elongated pad for handsoldering. (Body size source: IPC-SM-782 page 76, https://www.pcb-3d.com/wordpress/wp-content/uploads/ipc-sm-782a_amendment_1_and_2.pdf), generated with kicad-footprint-generator")
    (tags "capacitor handsolder")
    (path /6154AB1B)
    (attr smd)
    (fp_text reference C6 (at 0 -1.43 90) (layer F.SilkS)
      (effects (font (size 1 1) (thickness 0.15)))
    )
    (fp_text value 100nF (at 0 1.43 90) (layer F.Fab)
      (effects (font (size 1 1) (thickness 0.15)))
    )
    (fp_line (start -0.8 0.4) (end -0.8 -0.4) (layer F.Fab) (width 0.1))
    (fp_line (start -0.8 -0.4) (end 0.8 -0.4) (layer F.Fab) (width 0.1))
    (fp_line (start 0.8 -0.4) (end 0.8 0.4) (layer F.Fab) (width 0.1))
    (fp_line (start 0.8 0.4) (end -0.8 0.4) (layer F.Fab) (width 0.1))
    (fp_line (start -0.146267 -0.51) (end 0.146267 -0.51) (layer F.SilkS) (width 0.12))
    (fp_line (start -0.146267 0.51) (end 0.146267 0.51) (layer F.SilkS) (width 0.12))
    (fp_line (start -1.65 0.73) (end -1.65 -0.73) (layer F.CrtYd) (width 0.05))
    (fp_line (start -1.65 -0.73) (end 1.65 -0.73) (layer F.CrtYd) (width 0.05))
    (fp_line (start 1.65 -0.73) (end 1.65 0.73) (layer F.CrtYd) (width 0.05))
    (fp_line (start 1.65 0.73) (end -1.65 0.73) (layer F.CrtYd) (width 0.05))
    (fp_text user %R (at 0 0 90) (layer F.Fab)
      (effects (font (size 0.4 0.4) (thickness 0.06)))
    )
    (pad 2 smd roundrect (at 0.8625 0 270) (size 1.075 0.95) (layers F.Cu F.Paste F.Mask) (roundrect_rratio 0.25)
      (net 1 GND))
    (pad 1 smd roundrect (at -0.8625 0 270) (size 1.075 0.95) (layers F.Cu F.Paste F.Mask) (roundrect_rratio 0.25)
      (net 22 +3V3))
    (model ${KISYS3DMOD}/Capacitor_SMD.3dshapes/C_0603_1608Metric.wrl
      (at (xyz 0 0 0))
      (scale (xyz 1 1 1))
      (rotate (xyz 0 0 0))
    )
  )

  (module Capacitor_SMD:C_0603_1608Metric_Pad1.08x0.95mm_HandSolder (layer F.Cu) (tedit 5F68FEEF) (tstamp 615B78FA)
    (at 174.7647 35.5727)
    (descr "Capacitor SMD 0603 (1608 Metric), square (rectangular) end terminal, IPC_7351 nominal with elongated pad for handsoldering. (Body size source: IPC-SM-782 page 76, https://www.pcb-3d.com/wordpress/wp-content/uploads/ipc-sm-782a_amendment_1_and_2.pdf), generated with kicad-footprint-generator")
    (tags "capacitor handsolder")
    (path /61544822)
    (attr smd)
    (fp_text reference C7 (at 0 -1.43) (layer F.SilkS)
      (effects (font (size 1 1) (thickness 0.15)))
    )
    (fp_text value 100nF (at 0 1.43) (layer F.Fab)
      (effects (font (size 1 1) (thickness 0.15)))
    )
    (fp_line (start 1.65 0.73) (end -1.65 0.73) (layer F.CrtYd) (width 0.05))
    (fp_line (start 1.65 -0.73) (end 1.65 0.73) (layer F.CrtYd) (width 0.05))
    (fp_line (start -1.65 -0.73) (end 1.65 -0.73) (layer F.CrtYd) (width 0.05))
    (fp_line (start -1.65 0.73) (end -1.65 -0.73) (layer F.CrtYd) (width 0.05))
    (fp_line (start -0.146267 0.51) (end 0.146267 0.51) (layer F.SilkS) (width 0.12))
    (fp_line (start -0.146267 -0.51) (end 0.146267 -0.51) (layer F.SilkS) (width 0.12))
    (fp_line (start 0.8 0.4) (end -0.8 0.4) (layer F.Fab) (width 0.1))
    (fp_line (start 0.8 -0.4) (end 0.8 0.4) (layer F.Fab) (width 0.1))
    (fp_line (start -0.8 -0.4) (end 0.8 -0.4) (layer F.Fab) (width 0.1))
    (fp_line (start -0.8 0.4) (end -0.8 -0.4) (layer F.Fab) (width 0.1))
    (fp_text user %R (at 0 0) (layer F.Fab)
      (effects (font (size 0.4 0.4) (thickness 0.06)))
    )
    (pad 1 smd roundrect (at -0.8625 0) (size 1.075 0.95) (layers F.Cu F.Paste F.Mask) (roundrect_rratio 0.25)
      (net 22 +3V3))
    (pad 2 smd roundrect (at 0.8625 0) (size 1.075 0.95) (layers F.Cu F.Paste F.Mask) (roundrect_rratio 0.25)
      (net 1 GND))
    (model ${KISYS3DMOD}/Capacitor_SMD.3dshapes/C_0603_1608Metric.wrl
      (at (xyz 0 0 0))
      (scale (xyz 1 1 1))
      (rotate (xyz 0 0 0))
    )
  )

  (module Capacitor_SMD:C_0603_1608Metric_Pad1.08x0.95mm_HandSolder (layer F.Cu) (tedit 5F68FEEF) (tstamp 615B790B)
    (at 164.98316 41.32072 270)
    (descr "Capacitor SMD 0603 (1608 Metric), square (rectangular) end terminal, IPC_7351 nominal with elongated pad for handsoldering. (Body size source: IPC-SM-782 page 76, https://www.pcb-3d.com/wordpress/wp-content/uploads/ipc-sm-782a_amendment_1_and_2.pdf), generated with kicad-footprint-generator")
    (tags "capacitor handsolder")
    (path /6152473E)
    (attr smd)
    (fp_text reference C8 (at 0 -1.43 90) (layer F.SilkS)
      (effects (font (size 1 1) (thickness 0.15)))
    )
    (fp_text value 100nF (at 0 1.43 90) (layer F.Fab)
      (effects (font (size 1 1) (thickness 0.15)))
    )
    (fp_line (start 1.65 0.73) (end -1.65 0.73) (layer F.CrtYd) (width 0.05))
    (fp_line (start 1.65 -0.73) (end 1.65 0.73) (layer F.CrtYd) (width 0.05))
    (fp_line (start -1.65 -0.73) (end 1.65 -0.73) (layer F.CrtYd) (width 0.05))
    (fp_line (start -1.65 0.73) (end -1.65 -0.73) (layer F.CrtYd) (width 0.05))
    (fp_line (start -0.146267 0.51) (end 0.146267 0.51) (layer F.SilkS) (width 0.12))
    (fp_line (start -0.146267 -0.51) (end 0.146267 -0.51) (layer F.SilkS) (width 0.12))
    (fp_line (start 0.8 0.4) (end -0.8 0.4) (layer F.Fab) (width 0.1))
    (fp_line (start 0.8 -0.4) (end 0.8 0.4) (layer F.Fab) (width 0.1))
    (fp_line (start -0.8 -0.4) (end 0.8 -0.4) (layer F.Fab) (width 0.1))
    (fp_line (start -0.8 0.4) (end -0.8 -0.4) (layer F.Fab) (width 0.1))
    (fp_text user %R (at 0 0 90) (layer F.Fab)
      (effects (font (size 0.4 0.4) (thickness 0.06)))
    )
    (pad 1 smd roundrect (at -0.8625 0 270) (size 1.075 0.95) (layers F.Cu F.Paste F.Mask) (roundrect_rratio 0.25)
      (net 22 +3V3))
    (pad 2 smd roundrect (at 0.8625 0 270) (size 1.075 0.95) (layers F.Cu F.Paste F.Mask) (roundrect_rratio 0.25)
      (net 1 GND))
    (model ${KISYS3DMOD}/Capacitor_SMD.3dshapes/C_0603_1608Metric.wrl
      (at (xyz 0 0 0))
      (scale (xyz 1 1 1))
      (rotate (xyz 0 0 0))
    )
  )

  (module Capacitor_SMD:C_0603_1608Metric_Pad1.08x0.95mm_HandSolder (layer F.Cu) (tedit 5F68FEEF) (tstamp 615B791C)
    (at 163.11626 41.35882 270)
    (descr "Capacitor SMD 0603 (1608 Metric), square (rectangular) end terminal, IPC_7351 nominal with elongated pad for handsoldering. (Body size source: IPC-SM-782 page 76, https://www.pcb-3d.com/wordpress/wp-content/uploads/ipc-sm-782a_amendment_1_and_2.pdf), generated with kicad-footprint-generator")
    (tags "capacitor handsolder")
    (path /61524A46)
    (attr smd)
    (fp_text reference C9 (at 0 -1.43 90) (layer F.SilkS)
      (effects (font (size 1 1) (thickness 0.15)))
    )
    (fp_text value 100nF (at 0 1.43 90) (layer F.Fab)
      (effects (font (size 1 1) (thickness 0.15)))
    )
    (fp_line (start -0.8 0.4) (end -0.8 -0.4) (layer F.Fab) (width 0.1))
    (fp_line (start -0.8 -0.4) (end 0.8 -0.4) (layer F.Fab) (width 0.1))
    (fp_line (start 0.8 -0.4) (end 0.8 0.4) (layer F.Fab) (width 0.1))
    (fp_line (start 0.8 0.4) (end -0.8 0.4) (layer F.Fab) (width 0.1))
    (fp_line (start -0.146267 -0.51) (end 0.146267 -0.51) (layer F.SilkS) (width 0.12))
    (fp_line (start -0.146267 0.51) (end 0.146267 0.51) (layer F.SilkS) (width 0.12))
    (fp_line (start -1.65 0.73) (end -1.65 -0.73) (layer F.CrtYd) (width 0.05))
    (fp_line (start -1.65 -0.73) (end 1.65 -0.73) (layer F.CrtYd) (width 0.05))
    (fp_line (start 1.65 -0.73) (end 1.65 0.73) (layer F.CrtYd) (width 0.05))
    (fp_line (start 1.65 0.73) (end -1.65 0.73) (layer F.CrtYd) (width 0.05))
    (fp_text user %R (at 0 0 90) (layer F.Fab)
      (effects (font (size 0.4 0.4) (thickness 0.06)))
    )
    (pad 2 smd roundrect (at 0.8625 0 270) (size 1.075 0.95) (layers F.Cu F.Paste F.Mask) (roundrect_rratio 0.25)
      (net 1 GND))
    (pad 1 smd roundrect (at -0.8625 0 270) (size 1.075 0.95) (layers F.Cu F.Paste F.Mask) (roundrect_rratio 0.25)
      (net 22 +3V3))
    (model ${KISYS3DMOD}/Capacitor_SMD.3dshapes/C_0603_1608Metric.wrl
      (at (xyz 0 0 0))
      (scale (xyz 1 1 1))
      (rotate (xyz 0 0 0))
    )
  )

  (module Capacitor_SMD:C_0603_1608Metric_Pad1.08x0.95mm_HandSolder (layer F.Cu) (tedit 5F68FEEF) (tstamp 615B792D)
    (at 153.3906 41.2242 270)
    (descr "Capacitor SMD 0603 (1608 Metric), square (rectangular) end terminal, IPC_7351 nominal with elongated pad for handsoldering. (Body size source: IPC-SM-782 page 76, https://www.pcb-3d.com/wordpress/wp-content/uploads/ipc-sm-782a_amendment_1_and_2.pdf), generated with kicad-footprint-generator")
    (tags "capacitor handsolder")
    (path /615243D7)
    (attr smd)
    (fp_text reference C10 (at 0 -1.43 90) (layer F.SilkS)
      (effects (font (size 1 1) (thickness 0.15)))
    )
    (fp_text value 100nF (at 0 1.43 90) (layer F.Fab)
      (effects (font (size 1 1) (thickness 0.15)))
    )
    (fp_line (start -0.8 0.4) (end -0.8 -0.4) (layer F.Fab) (width 0.1))
    (fp_line (start -0.8 -0.4) (end 0.8 -0.4) (layer F.Fab) (width 0.1))
    (fp_line (start 0.8 -0.4) (end 0.8 0.4) (layer F.Fab) (width 0.1))
    (fp_line (start 0.8 0.4) (end -0.8 0.4) (layer F.Fab) (width 0.1))
    (fp_line (start -0.146267 -0.51) (end 0.146267 -0.51) (layer F.SilkS) (width 0.12))
    (fp_line (start -0.146267 0.51) (end 0.146267 0.51) (layer F.SilkS) (width 0.12))
    (fp_line (start -1.65 0.73) (end -1.65 -0.73) (layer F.CrtYd) (width 0.05))
    (fp_line (start -1.65 -0.73) (end 1.65 -0.73) (layer F.CrtYd) (width 0.05))
    (fp_line (start 1.65 -0.73) (end 1.65 0.73) (layer F.CrtYd) (width 0.05))
    (fp_line (start 1.65 0.73) (end -1.65 0.73) (layer F.CrtYd) (width 0.05))
    (fp_text user %R (at 0 0 90) (layer F.Fab)
      (effects (font (size 0.4 0.4) (thickness 0.06)))
    )
    (pad 2 smd roundrect (at 0.8625 0 270) (size 1.075 0.95) (layers F.Cu F.Paste F.Mask) (roundrect_rratio 0.25)
      (net 1 GND))
    (pad 1 smd roundrect (at -0.8625 0 270) (size 1.075 0.95) (layers F.Cu F.Paste F.Mask) (roundrect_rratio 0.25)
      (net 22 +3V3))
    (model ${KISYS3DMOD}/Capacitor_SMD.3dshapes/C_0603_1608Metric.wrl
      (at (xyz 0 0 0))
      (scale (xyz 1 1 1))
      (rotate (xyz 0 0 0))
    )
  )

